0.07,0.8
0.07,0.79
0.17,0.79
0.31,0.79
0.31,0.79
0.6,0.79
0.6,0.79
0.94,0.79
0.94,0.79
1.12,0.79
1.3,0.78
1.52,0.78
1.9,0.78
1.9,0.78
2.11,0.78
2.3,0.77
3.18,0.72
3.18,0.71
3.43,0.69
3.67,0.68
3.91,0.66
4.17,0.65
4.43,0.65
4.68,0.64
4.68,0.64
6.29,0.62
6.29,0.62
6.6,0.62
6.92,0.62
7.59,0.64
7.59,0.66
7.93,0.67
8.26,0.68
8.61,0.69
9.26,0.7
9.26,0.7
9.55,0.71
9.84,0.71
10.09,0.71
10.36,0.71
10.66,0.71
11.26,0.72
11.26,0.72
11.76,0.72
11.76,0.72
12.03,0.71
12.03,0.71
12.29,0.71
12.56,0.71
12.83,0.71
13.11,0.7
13.39,0.7
13.66,0.7
13.92,0.69
14.19,0.68
14.43,0.68
14.65,0.67
14.92,0.66
14.92,0.66
15.18,0.66
15.91,0.66
15.91,0.66
16.09,0.67
16.29,0.67
16.53,0.67
16.95,0.67
16.95,0.67
17.16,0.67
17.41,0.67
17.65,0.67
17.89,0.67
18.13,0.67
18.36,0.67
18.61,0.67
18.61,0.67
18.86,0.66
19.06,0.66
19.32,0.65
19.59,0.64
19.85,0.63
20.1,0.61
20.38,0.6
20.65,0.58
21.31,0.55
21.31,0.54
21.59,0.53
21.85,0.52
22.08,0.52
22.33,0.51
22.52,0.51
22.68,0.5
22.68,0.5
22.87,0.49
23.12,0.49
23.37,0.49
23.57,0.48
23.76,0.48
24.17,0.47
24.17,0.47
24.36,0.47
24.55,0.47
25.43,0.48
25.43,0.49
25.66,0.49
25.88,0.5
26.11,0.5
26.35,0.51
26.59,0.51
26.84,0.51
27.1,0.52
27.1,0.52
27.34,0.53
27.55,0.53
27.8,0.54
28.15,0.57
28.15,0.58
28.37,0.6
28.56,0.61
28.88,0.64
28.88,0.66
29.02,0.67
29.18,0.69
29.37,0.7
29.56,0.71
29.92,0.74
29.92,0.74
30.1,0.75
30.3,0.76
30.65,0.77
30.65,0.77
30.82,0.77
31.01,0.77
31.18,0.77
31.35,0.76
31.53,0.76
31.69,0.76
31.9,0.76
32.11,0.76
32.32,0.75
32.54,0.75
32.54,0.74
33.44,0.67
33.44,0.65
33.67,0.62
33.91,0.59
34.16,0.55
34.38,0.53
34.58,0.5
34.78,0.47
35.39,0.39
35.6,0.37
35.6,0.36
35.81,0.34
36.42,0.31
36.42,0.3
36.6,0.3
36.76,0.3
36.91,0.3
37.05,0.3
37.39,0.3
37.39,0.3
37.62,0.3
37.84,0.3
38.06,0.3
38.28,0.3
38.94,0.3
38.94,0.3
39.18,0.3
39.42,0.3
39.67,0.3
39.88,0.3
40.1,0.3
40.33,0.3
40.52,0.3
40.94,0.3
40.94,0.3
41.13,0.3
41.31,0.3
41.93,0.3
41.93,0.3
42.15,0.31
42.37,0.34
42.6,0.37
42.87,0.4
43.07,0.44
43.29,0.47
43.52,0.51
44.42,0.65
44.42,0.67
44.64,0.68
44.86,0.7
45.05,0.71
45.69,0.71
45.69,0.7
45.87,0.68
46.14,0.66
46.39,0.64
46.57,0.62
46.76,0.59
47.17,0.54
47.17,0.51
47.38,0.48
47.59,0.46
47.79,0.44
48.42,0.4
48.62,0.4
48.62,0.4
48.83,0.41
49.05,0.41
49.27,0.42
49.91,0.45
49.91,0.46
50.14,0.47
50.39,0.48
50.63,0.49
50.87,0.49
50.87,0.5
51.11,0.5
51.33,0.51
51.57,0.51
51.81,0.52
52.03,0.52
52.27,0.52
52.54,0.52
52.8,0.52
53.06,0.53
53.06,0.53
53.3,0.53
53.52,0.53
54.11,0.54
54.11,0.55
54.26,0.55
54.43,0.55
54.59,0.54
54.88,0.54
54.88,0.53
55.04,0.52
55.36,0.5
55.36,0.49
55.62,0.46
55.62,0.45
55.78,0.43
56.15,0.4
56.33,0.39
56.33,0.38
56.86,0.35
56.86,0.34
57.05,0.34
57.26,0.34
57.68,0.34
57.68,0.34
57.89,0.34
58.07,0.34
58.28,0.35
58.66,0.35
58.66,0.35
58.84,0.35
59.16,0.35
59.16,0.35
59.31,0.35
59.63,0.34
59.78,0.34
59.78,0.34
59.94,0.33
60.1,0.33
60.4,0.32
60.4,0.32
60.57,0.32
60.91,0.31
60.91,0.31
61.08,0.31
61.27,0.3
61.27,0.3
61.63,0.3
61.63,0.3
61.81,0.3
62.14,0.3
62.14,0.3
62.33,0.3
62.52,0.3
62.9,0.3
62.9,0.3
63.13,0.3
63.36,0.3
63.57,0.3
63.79,0.3
64.4,0.31
64.4,0.31
64.58,0.31
64.76,0.31
64.93,0.31
65.11,0.31
65.29,0.31
65.4,0.31
65.55,0.3
65.69,0.3
65.69,0.3
65.79,0.3
65.91,0.3
66.04,0.3
66.15,0.3
66.33,0.3
66.33,0.3
66.42,0.3
66.51,0.3
66.6,0.3
66.68,0.3
66.83,0.3
66.83,0.3
66.9,0.3
67.08,0.3
67.08,0.3
67.15,0.3
67.34,0.3
67.43,0.3
67.43,0.3
67.53,0.3
67.63,0.3
67.83,0.3
67.83,0.3
67.93,0.3
68.03,0.3
68.13,0.3
68.37,0.3
68.37,0.3
68.53,0.31
68.69,0.31
68.83,0.32
69.11,0.33
69.11,0.34
69.27,0.34
69.38,0.35
69.66,0.36
69.66,0.36
69.78,0.37
69.89,0.38
70.03,0.39
70.17,0.39
70.28,0.4
70.38,0.41
70.53,0.41
70.53,0.42
70.61,0.42
70.67,0.42
70.8,0.42
70.8,0.42
70.87,0.42
71.01,0.41
71.01,0.41
71.1,0.41
71.18,0.4
71.27,0.4
71.36,0.4
71.56,0.4
71.56,0.41
71.67,0.41
71.78,0.42
71.9,0.42
72.09,0.43
72.09,0.44
72.18,0.44
72.28,0.45
72.4,0.45
72.54,0.45
72.65,0.46
72.77,0.46
72.89,0.47
72.89,0.47
73.01,0.47
73.17,0.47
73.32,0.47
73.63,0.48
73.63,0.48
73.77,0.49
73.92,0.49
74.04,0.49
74.16,0.5
74.31,0.5
74.44,0.5
74.52,0.51
74.52,0.51
74.6,0.52
74.68,0.52
74.8,0.53
74.8,0.53
74.89,0.53
75.02,0.54
75.02,0.54
75.08,0.54
75.14,0.54
75.27,0.55
75.27,0.55
75.33,0.55
75.39,0.55
75.54,0.55
75.54,0.55
75.62,0.55
75.79,0.55
75.88,0.55
75.88,0.54
76.06,0.54
76.06,0.54
76.16,0.54
76.26,0.54
76.26,0.54
76.36,0.53
76.59,0.53
76.59,0.53
76.81,0.53
76.81,0.53
76.9,0.53
77.04,0.53
77.18,0.53
77.32,0.53
77.62,0.53
77.62,0.53
77.76,0.53
77.9,0.53
78.04,0.53
78.04,0.53
78.37,0.53
78.37,0.53
78.51,0.53
78.66,0.53
78.66,0.53
78.8,0.53
78.92,0.53
79.06,0.53
79.18,0.53
79.29,0.53
79.39,0.53
79.62,0.53
79.62,0.53
79.82,0.53
79.82,0.53
79.9,0.53
80.07,0.53
80.17,0.53
80.17,0.53
80.26,0.53
80.37,0.53
80.59,0.53
80.69,0.53
80.69,0.53
80.83,0.53
80.93,0.53
81.02,0.53
81.15,0.53
81.27,0.53
81.4,0.52
81.52,0.52
81.64,0.52
81.86,0.52
81.86,0.52
82.09,0.52
82.09,0.52
82.36,0.52
82.36,0.52
82.52,0.52
82.65,0.52
82.81,0.52
83.16,0.52
83.16,0.52
83.31,0.52
83.44,0.52
83.55,0.52
83.65,0.52
83.79,0.52
83.88,0.52
84.1,0.52
84.1,0.53
84.33,0.53
84.33,0.53
84.4,0.53
84.57,0.53
84.67,0.53
84.67,0.53
84.83,0.53
84.83,0.52
84.89,0.52
85.05,0.52
85.05,0.52
85.12,0.52
85.31,0.51
85.31,0.51
85.4,0.52
85.56,0.52
85.56,0.51
85.67,0.51
85.77,0.51
85.87,0.51
86.11,0.51
86.11,0.51
86.33,0.52
86.44,0.52
86.44,0.52
86.54,0.52
86.64,0.52
86.82,0.53
86.9,0.53
86.9,0.53
87.09,0.53
87.09,0.53
87.18,0.52
87.31,0.52
87.31,0.53
87.41,0.53
87.52,0.53
87.65,0.53
87.76,0.52
87.87,0.52
88.08,0.52
88.08,0.53
88.18,0.53
88.27,0.53
88.37,0.53
88.6,0.53
88.6,0.53
88.79,0.53
88.89,0.53
88.89,0.53
89.1,0.53
89.1,0.53
89.31,0.53
89.31,0.53
89.42,0.53
89.64,0.53
89.64,0.53
89.86,0.53
89.86,0.53
90.09,0.53
90.09,0.53
90.34,0.53
90.34,0.54
90.62,0.54
90.62,0.53
90.76,0.53
90.89,0.53
91.02,0.53
91.15,0.52
91.28,0.52
91.41,0.52
91.53,0.52
91.66,0.52
91.66,0.52
91.81,0.52
91.94,0.52
92.06,0.52
92.34,0.53
92.34,0.53
92.6,0.54
92.6,0.54
92.86,0.54
92.86,0.54
93.06,0.54
93.06,0.54
93.17,0.54
93.27,0.54
93.38,0.54
93.6,0.54
93.6,0.54
93.82,0.54
93.82,0.54
93.93,0.54
94.05,0.54
94.05,0.54
94.15,0.54
94.35,0.55
94.35,0.55
94.55,0.55
94.55,0.55
94.65,0.55
94.76,0.55
94.86,0.55
95.09,0.56
95.09,0.56
95.32,0.56
95.32,0.56
95.6,0.56
95.6,0.56
95.89,0.57
95.89,0.57
96.02,0.57
96.17,0.57
96.3,0.57
96.41,0.57
96.57,0.56
96.57,0.56
96.81,0.56
96.81,0.56
96.91,0.56
97.03,0.56
97.16,0.55
97.16,0.55
97.29,0.55
97.4,0.55
97.52,0.55
97.66,0.55
97.79,0.55
97.91,0.55
98.03,0.55
98.12,0.55
98.36,0.54
98.36,0.54
98.6,0.53
98.6,0.53
98.84,0.53
98.84,0.53
99.07,0.52
99.07,0.52
99.35,0.51
99.35,0.51
99.64,0.49
99.79,0.48
99.79,0.47
100.12,0.46
100.12,0.44
100.28,0.43
100.61,0.4
100.61,0.39
100.77,0.37
100.9,0.36
101.03,0.35
101.17,0.34
101.17,0.33
101.3,0.32
101.44,0.31
101.6,0.3
101.77,0.3
101.93,0.3
102.1,0.3
102.29,0.3
102.63,0.3
102.63,0.31
102.8,0.31
103.18,0.31
103.18,0.32
103.36,0.32
103.56,0.31
103.94,0.31
103.94,0.3
104.12,0.3
104.32,0.3
104.54,0.3
104.89,0.31
104.89,0.32
105.07,0.32
105.27,0.33
105.44,0.34
105.61,0.35
105.79,0.36
105.94,0.37
106.08,0.38
106.33,0.39
106.33,0.4
106.57,0.41
106.57,0.42
106.89,0.42
106.89,0.42
107.04,0.42
107.36,0.42
107.53,0.42
107.53,0.42
107.68,0.42
107.85,0.41
108.05,0.41
108.44,0.41
108.44,0.41
108.67,0.4
108.88,0.4
109.11,0.4
109.37,0.4
109.62,0.4
109.88,0.4
110.02,0.4
110.16,0.4
110.32,0.4
110.63,0.39
110.63,0.39
110.79,0.38
111.14,0.37
111.14,0.36
111.31,0.35
111.66,0.33
111.66,0.33
111.8,0.32
112.12,0.31
112.12,0.3
112.28,0.3
112.43,0.3
112.61,0.3
112.78,0.3
113.13,0.3
113.13,0.3
113.3,0.3
113.65,0.3
113.65,0.3
113.83,0.3
114.05,0.3
114.31,0.3
114.42,0.3
114.42,0.3
114.55,0.3
114.61,0.3
114.68,0.3
114.82,0.3
115.1,0.3
115.1,0.3
115.26,0.3
115.42,0.3
115.61,0.3
115.8,0.3
116.01,0.3
116.18,0.3
116.35,0.3
116.52,0.3
116.68,0.3
116.68,0.3
116.85,0.3
117.16,0.3
117.16,0.3
117.35,0.3
117.35,0.3
117.54,0.3
117.92,0.3
117.92,0.3
118.1,0.3
118.26,0.3
118.26,0.3
118.66,0.3
118.66,0.3
118.85,0.3
119.04,0.3
119.38,0.3
119.38,0.3
119.51,0.3
119.67,0.3
119.82,0.3
119.82,0.3
120.15,0.3
120.15,0.3
120.31,0.3
120.54,0.3
120.93,0.3
120.93,0.3
121.12,0.3
121.3,0.3
121.65,0.3
121.65,0.3
121.82,0.3
122.18,0.3
122.18,0.3
122.36,0.3
122.51,0.3
122.67,0.3
122.85,0.3
123.02,0.3
123.19,0.3
123.37,0.3
123.37,0.3
123.54,0.3
123.87,0.3
123.87,0.3
124.08,0.3
124.08,0.3
124.29,0.3
124.63,0.3
124.63,0.3
124.8,0.3
125.19,0.3
125.39,0.3
125.39,0.3
125.6,0.3
125.8,0.3
126.69,0.3
126.69,0.3
126.91,0.3
127.16,0.3
127.41,0.3
127.66,0.3
127.93,0.3
128.19,0.3
128.43,0.3
128.69,0.3
128.69,0.3
129.54,0.3
129.54,0.3
129.83,0.3
130.04,0.3
130.27,0.3
130.62,0.3
130.62,0.3
130.78,0.3
130.91,0.3
131.01,0.3
131.16,0.3
131.29,0.3
131.37,0.3
131.37,0.3
131.58,0.3
131.58,0.3
131.68,0.3
131.8,0.3
131.8,0.3
131.91,0.3
132.02,0.3
132.14,0.3
132.26,0.31
132.35,0.33
132.6,0.37
132.6,0.39
132.7,0.41
132.81,0.43
132.92,0.45
133.07,0.47
133.37,0.51
133.37,0.52
133.51,0.54
133.65,0.56
133.8,0.58
133.93,0.61
134.05,0.63
134.17,0.65
134.32,0.67
134.32,0.68
134.44,0.7
134.56,0.71
134.69,0.73
134.83,0.73
135.09,0.74
135.09,0.74
135.32,0.74
135.32,0.73
135.42,0.73
135.42,0.72
135.51,0.71
135.59,0.7
135.68,0.69
135.76,0.68
135.8,0.67
135.88,0.66
135.95,0.64
136.09,0.62
136.09,0.6
136.15,0.58
136.26,0.57
136.34,0.55
136.41,0.53
136.56,0.5
136.56,0.48
136.65,0.46
136.82,0.43
136.82,0.41
136.91,0.4
137.09,0.37
137.09,0.36
137.19,0.35
137.29,0.34
137.4,0.33
137.6,0.32
137.6,0.32
137.84,0.31
137.84,0.31
137.93,0.31
137.93,0.3
138.06,0.3
138.19,0.3
138.32,0.3
138.45,0.3
138.58,0.3
138.7,0.3
138.81,0.3
138.94,0.3
139.06,0.3
139.06,0.3
139.16,0.3
139.28,0.3
139.36,0.3
139.55,0.3
139.55,0.3
139.63,0.3
139.8,0.3
139.8,0.3
139.9,0.3
140.07,0.3
140.07,0.3
140.17,0.3
140.33,0.3
140.33,0.3
140.41,0.3
140.51,0.3
140.6,0.3
140.69,0.3
140.78,0.3
140.78,0.3
140.87,0.3
141.06,0.3
141.06,0.3
141.17,0.3
141.28,0.3
141.28,0.3
141.39,0.3
141.61,0.31
141.61,0.32
141.7,0.32
141.83,0.33
141.83,0.33
142.09,0.34
142.09,0.34
142.36,0.35
142.36,0.35
142.63,0.36
142.63,0.36
142.77,0.36
142.89,0.36
143.01,0.36
143.13,0.36
143.26,0.36
143.38,0.36
143.58,0.37
143.58,0.37
143.67,0.37
143.84,0.38
143.84,0.39
143.91,0.39
144.01,0.4
144.1,0.4
144.19,0.41
144.31,0.41
144.42,0.42
144.52,0.43
144.52,0.44
144.61,0.44
144.86,0.45
144.86,0.46
145.09,0.47
145.09,0.47
145.37,0.47
145.37,0.48
145.61,0.48
145.61,0.47
145.77,0.47
145.92,0.47
146.06,0.46
146.36,0.45
146.36,0.44
146.52,0.44
146.7,0.45
146.88,0.45
147.06,0.45
147.43,0.46
147.43,0.47
147.64,0.48
147.78,0.49
147.88,0.5
148.01,0.5
148.14,0.51
148.36,0.52
148.36,0.53
148.62,0.54
148.62,0.55
148.76,0.55
148.92,0.56
149.06,0.56
149.35,0.56
149.35,0.57
149.62,0.57
149.62,0.57
149.76,0.57
149.9,0.57
150.02,0.57
150.02,0.57
150.16,0.57
150.32,0.57
150.64,0.57
150.64,0.57
150.82,0.57
151.15,0.56
151.15,0.56
151.32,0.56
151.51,0.56
151.69,0.56
151.9,0.56
152.09,0.56
152.36,0.57
152.36,0.57
152.64,0.58
152.77,0.58
152.77,0.58
152.92,0.59
153.07,0.59
153.41,0.59
153.41,0.6
153.57,0.6
153.89,0.6
153.89,0.6
154.01,0.6
154.15,0.6
154.15,0.59
154.31,0.59
154.42,0.59
154.56,0.59
154.86,0.59
154.86,0.59
155.04,0.59
155.44,0.58
155.44,0.58
155.64,0.58
155.64,0.58
155.88,0.58
156.11,0.57
156.36,0.57
156.58,0.57
156.77,0.57
157.2,0.57
157.2,0.57
157.36,0.57
157.53,0.57
157.9,0.58
157.9,0.58
158.07,0.59
158.43,0.59
158.43,0.6
158.6,0.6
158.91,0.6
158.91,0.61
159.04,0.61
159.18,0.62
159.18,0.62
159.33,0.62
159.45,0.63
159.59,0.63
159.89,0.63
159.89,0.63
160.06,0.63
160.41,0.63
160.41,0.63
160.59,0.63
160.59,0.63
160.78,0.63
161.19,0.63
161.19,0.63
161.37,0.63
161.56,0.63
161.77,0.63
162.16,0.64
162.16,0.64
162.37,0.64
162.53,0.64
162.7,0.64
162.87,0.64
163.03,0.64
163.18,0.64
163.18,0.64
163.38,0.64
163.52,0.64
163.63,0.64
163.77,0.64
163.9,0.64
164.01,0.64
164.12,0.64
164.34,0.65
164.34,0.65
164.44,0.65
164.53,0.65
164.64,0.65
164.77,0.65
164.89,0.66
164.89,0.66
165.12,0.66
165.12,0.66
165.37,0.66
165.37,0.67
165.64,0.67
165.64,0.67
165.76,0.67
165.9,0.67
166.05,0.67
166.2,0.67
166.38,0.67
166.61,0.67
166.61,0.67
166.89,0.66
166.89,0.66
167.07,0.66
167.27,0.66
167.66,0.65
167.66,0.65
167.83,0.66
167.94,0.66
168.02,0.66
168.17,0.67
168.31,0.68
168.45,0.68
168.58,0.69
168.67,0.7
168.8,0.7
169.07,0.72
169.07,0.72
169.4,0.74
169.4,0.74
169.55,0.74
169.86,0.75
169.86,0.75
170.03,0.76
170.36,0.76
170.36,0.76
170.56,0.76
170.89,0.76
170.89,0.76
171.03,0.76
171.18,0.76
171.18,0.76
171.32,0.75
171.63,0.75
171.63,0.75
171.81,0.75
171.81,0.75
172.14,0.74
172.14,0.74
172.33,0.74
172.54,0.73
173.13,0.73
173.13,0.73
173.31,0.74
173.66,0.74
173.66,0.75
173.83,0.76
174.16,0.77
174.33,0.77
174.33,0.78
174.63,0.78
174.63,0.79
174.81,0.79
175.08,0.8
175.08,0.8
175.35,0.8
175.35,0.81
175.51,0.81
175.65,0.81
175.78,0.81
175.94,0.81
176.08,0.81
176.39,0.8
176.39,0.8
176.56,0.8
176.91,0.8
176.91,0.8
177.09,0.8
177.28,0.8
177.67,0.8
177.67,0.8
177.91,0.79
178.15,0.79
178.39,0.79
178.63,0.79
178.86,0.79
179.13,0.79
179.37,0.79
179.58,0.8
179.58,0.8
179.8,0.8
180.04,0.8
180.28,0.81
180.52,0.81
180.76,0.81
181.16,0.81
181.16,0.81
181.36,0.81
181.53,0.81
181.89,0.81
181.89,0.82
182.04,0.82
182.36,0.82
182.36,0.82
182.51,0.82
182.68,0.81
182.88,0.81
183.08,0.81
183.27,0.8
183.45,0.8
183.64,0.79
183.82,0.78
183.82,0.76
184.01,0.75
184.18,0.73
184.37,0.72
184.58,0.7
184.82,0.68
185.05,0.67
185.28,0.66
185.79,0.64
185.79,0.63
186.01,0.62
186.41,0.61
186.41,0.61
186.58,0.6
186.77,0.6
187.14,0.6
187.14,0.61
187.34,0.61
187.63,0.62
187.63,0.63
187.79,0.64
187.93,0.66
188.05,0.67
188.19,0.68
188.34,0.68
188.64,0.7
188.64,0.71
188.76,0.71
188.89,0.72
189.04,0.72
189.17,0.73
189.29,0.73
189.41,0.73
189.55,0.73
189.88,0.73
189.88,0.73
190.06,0.73
190.4,0.73
190.4,0.73
190.58,0.72
190.92,0.72
190.92,0.72
191.09,0.71
191.26,0.71
191.4,0.71
191.58,0.71
191.9,0.71
191.9,0.71
192.03,0.71
192.17,0.71
192.26,0.71
192.36,0.71
192.56,0.72
192.56,0.72
192.65,0.72
192.83,0.72
192.83,0.72
192.92,0.72
193.01,0.72
193.08,0.72
193.15,0.73
193.34,0.73
193.34,0.73
193.44,0.73
193.53,0.73
193.62,0.72
193.62,0.72
193.83,0.72
193.83,0.72
193.92,0.72
194.02,0.72
194.09,0.72
194.09,0.72
194.17,0.72
194.27,0.71
194.39,0.71
194.51,0.71
194.64,0.71
194.77,0.7
194.89,0.7
195.02,0.7
195.15,0.69
195.28,0.69
195.28,0.69
195.42,0.68
195.54,0.68
195.67,0.67
195.8,0.67
195.89,0.66
196.01,0.66
196.13,0.65
196.34,0.64
196.34,0.64
196.43,0.63
196.51,0.63
196.61,0.62
196.82,0.61
196.82,0.61
196.86,0.61
196.91,0.61
196.95,0.61
197.03,0.61
197.03,0.61
197.07,0.61
197.1,0.61
197.13,0.61
197.13,0.61
197.13,0.61
197.16,0.61
197.18,0.61
197.2,0.61
197.27,0.62
197.27,0.62
197.3,0.62
197.33,0.62
197.33,0.62
197.36,0.62
197.4,0.62
197.4,0.62
197.4,0.62
197.44,0.62
197.52,0.62
197.52,0.62
197.52,0.62
197.57,0.62
197.57,0.62
197.61,0.62
197.64,0.62
197.69,0.62
197.79,0.62
197.79,0.62
197.85,0.62
197.92,0.62
198.06,0.62
198.06,0.62
198.14,0.62
198.2,0.62
198.2,0.61
198.29,0.61
198.37,0.61
198.44,0.61
198.56,0.61
198.56,0.61
198.62,0.61
198.77,0.6
198.77,0.6
198.84,0.6
198.89,0.6
198.89,0.6
198.94,0.6
199.03,0.59
199.12,0.59
199.3,0.59
199.3,0.59
199.39,0.59
199.59,0.59
199.59,0.58
199.7,0.58
199.8,0.58
199.9,0.58
199.9,0.58
200.03,0.58
200.14,0.58
200.34,0.59
200.45,0.59
200.45,0.59
200.56,0.59
200.65,0.6
200.82,0.6
200.92,0.6
200.92,0.6
201.02,0.6
201.1,0.6
201.19,0.6
201.28,0.59
201.37,0.59
201.54,0.59
201.54,0.59
201.61,0.59
201.65,0.59
201.77,0.59
201.77,0.59
201.77,0.6
201.81,0.6
201.85,0.6
201.85,0.6
201.9,0.61
201.9,0.61
201.92,0.61
202.02,0.61
202.02,0.62
202.02,0.62
202.05,0.62
202.08,0.62
202.08,0.62
202.12,0.62
202.16,0.62
202.2,0.62
202.2,0.63
202.29,0.62
202.29,0.62
202.33,0.62
202.37,0.62
202.41,0.62
202.51,0.61
202.51,0.61
202.54,0.61
202.61,0.61
202.7,0.6
202.77,0.6
202.84,0.6
202.94,0.6
203.02,0.6
203.08,0.6
203.16,0.6
203.16,0.6
203.32,0.6
203.32,0.61
203.41,0.61
203.57,0.62
203.57,0.62
203.65,0.63
203.8,0.64
203.8,0.65
203.9,0.65
204.04,0.66
204.17,0.67
204.3,0.68
204.44,0.68
204.58,0.69
204.58,0.7
204.86,0.71
204.86,0.71
205.13,0.73
205.13,0.73
205.26,0.73
205.39,0.73
205.61,0.73
205.61,0.73
205.82,0.71
205.82,0.7
205.9,0.69
206.07,0.67
206.14,0.65
206.14,0.64
206.3,0.63
206.3,0.62
206.34,0.6
206.4,0.59
206.4,0.58
206.56,0.53
206.56,0.52
206.61,0.5
206.68,0.49
206.76,0.47
206.81,0.46
206.86,0.45
206.93,0.43
207.07,0.41
207.07,0.4
207.13,0.39
207.16,0.38
207.28,0.36
207.28,0.36
207.38,0.35
207.58,0.34
207.58,0.34
207.69,0.34
207.78,0.34
207.91,0.34
208.03,0.33
208.18,0.33
208.3,0.33
208.3,0.33
208.42,0.33
208.57,0.33
208.7,0.33
208.83,0.33
208.95,0.33
209.06,0.33
209.18,0.33
209.31,0.33
209.58,0.33
209.58,0.33
209.84,0.33
209.84,0.33
210.1,0.34
210.1,0.34
210.2,0.34
210.33,0.34
210.45,0.35
210.6,0.35
210.68,0.35
210.76,0.36
210.83,0.36
210.91,0.37
211.06,0.38
211.06,0.38
211.12,0.39
211.2,0.4
211.27,0.4
211.35,0.41
211.42,0.42
211.42,0.42
211.57,0.43
211.57,0.44
211.62,0.45
211.69,0.46
211.69,0.47
211.76,0.47
211.84,0.48
211.91,0.48
212.09,0.49
212.09,0.5
212.19,0.5
212.29,0.5
212.4,0.51
212.61,0.51
212.61,0.52
212.85,0.52
212.85,0.52
213.1,0.52
213.1,0.52
213.39,0.53
213.39,0.54
213.52,0.54
213.64,0.55
213.76,0.56
213.89,0.57
214.03,0.59
214.35,0.62
214.35,0.63
214.64,0.67
214.64,0.68
214.8,0.7
214.94,0.71
215.06,0.72
215.19,0.73
215.3,0.73
215.41,0.74
215.52,0.74
215.62,0.74
215.7,0.74
215.77,0.74
215.77,0.73
215.86,0.73
215.94,0.72
216.04,0.72
216.15,0.71
216.26,0.7
216.38,0.69
216.57,0.67
216.57,0.66
216.64,0.65
216.82,0.62
216.82,0.61
216.92,0.6
217.05,0.58
217.05,0.57
217.15,0.55
217.35,0.51
217.35,0.49
217.58,0.46
217.58,0.44
217.69,0.43
217.81,0.42
217.91,0.41
218.04,0.39
218.17,0.38
218.33,0.37
218.57,0.35
218.57,0.34
218.7,0.34
218.82,0.33
218.95,0.33
219.09,0.32
219.19,0.32
219.19,0.31
219.28,0.31
219.37,0.31
219.56,0.3
219.66,0.3
219.66,0.3
219.77,0.3
219.87,0.3
220.03,0.3
220.03,0.3
220.12,0.3
220.12,0.3
220.19,0.3
220.27,0.3
220.3,0.3
220.37,0.3
220.45,0.3
220.55,0.3
220.55,0.3
220.59,0.3
220.67,0.3
220.77,0.3
220.77,0.3
220.84,0.3
220.88,0.3
220.92,0.3
221.01,0.3
221.01,0.3
221.04,0.3
221.11,0.3
221.11,0.3
221.15,0.3
221.15,0.3
221.2,0.3
221.26,0.3
221.3,0.3
221.34,0.3
221.39,0.3
221.44,0.3
221.53,0.3
221.53,0.3
221.59,0.3
221.64,0.3
221.82,0.3
221.82,0.3
221.9,0.3
222.06,0.3
222.06,0.3
222.13,0.3
222.2,0.3
222.29,0.3
222.38,0.3
222.55,0.3
222.55,0.3
222.64,0.3
222.84,0.3
222.84,0.3
222.91,0.3
223.03,0.3
223.14,0.3
223.35,0.3
223.35,0.3
223.55,0.3
223.55,0.3
223.63,0.3
223.81,0.3
223.81,0.3
223.89,0.3
223.89,0.3
224.08,0.3
224.08,0.3
224.18,0.3
224.28,0.3
224.39,0.3
224.39,0.3
224.57,0.3
224.57,0.3
224.65,0.3
224.83,0.3
224.83,0.3
224.92,0.3
225.03,0.3
225.12,0.3
225.31,0.3
225.31,0.3
225.41,0.3
225.63,0.3
225.63,0.3
225.84,0.3
225.84,0.3
226.08,0.3
226.08,0.31
226.3,0.33
226.3,0.34
226.41,0.35
226.52,0.36
226.65,0.38
226.77,0.4
226.77,0.41
226.87,0.42
227.11,0.44
227.11,0.45
227.32,0.47
227.32,0.48
227.44,0.49
227.56,0.49
227.7,0.5
227.83,0.51
227.94,0.51
227.94,0.52
228.09,0.52
228.36,0.52
228.62,0.5
228.62,0.49
228.8,0.47
228.8,0.46
228.9,0.45
229.01,0.44
229.11,0.43
229.2,0.42
229.31,0.42
229.42,0.41
229.52,0.4
229.52,0.4
229.64,0.39
229.86,0.39
229.86,0.39
230.08,0.38
230.08,0.37
230.18,0.37
230.26,0.36
230.37,0.36
230.59,0.36
230.59,0.35
230.82,0.35
230.82,0.35
230.94,0.34
231.09,0.34
231.33,0.33
231.33,0.33
231.51,0.33
231.65,0.32
231.9,0.31
231.9,0.31
232.03,0.3
232.15,0.3
232.31,0.3
232.45,0.3
232.57,0.3
232.7,0.3
232.82,0.3
232.93,0.3
233.05,0.3
233.05,0.3
233.14,0.3
233.33,0.3
233.33,0.3
233.4,0.3
233.57,0.3
233.57,0.3
233.67,0.3
233.83,0.3
233.83,0.3
233.9,0.3
234.07,0.3
234.07,0.3
234.18,0.3
234.3,0.3
234.39,0.3
234.58,0.3
234.58,0.3
234.66,0.3
234.83,0.3
234.92,0.3
234.92,0.3
235.04,0.3
235.16,0.3
235.26,0.3
235.36,0.3
235.61,0.3
235.61,0.3
235.76,0.3
235.89,0.3
236.01,0.3
236.15,0.3
236.3,0.3
236.44,0.3
236.59,0.3
236.9,0.3
236.9,0.3
237.05,0.3
237.2,0.3
237.33,0.3
237.58,0.3
237.58,0.3
237.83,0.3
237.83,0.3
237.93,0.3
238.04,0.3
238.14,0.3
238.32,0.3
238.32,0.3
238.4,0.3
238.51,0.3
238.59,0.3
238.66,0.3
238.81,0.3
238.81,0.3
238.92,0.3
239.05,0.3
239.17,0.3
239.29,0.3
239.4,0.3
239.51,0.3
239.65,0.3
239.77,0.31
239.77,0.33
239.9,0.35
240.03,0.37
240.16,0.39
240.3,0.41
240.62,0.46
240.62,0.48
240.79,0.51
241.14,0.55
241.14,0.57
241.33,0.59
241.63,0.6
241.63,0.61
241.81,0.62
241.94,0.62
241.94,0.63
242.07,0.63
242.19,0.63
242.3,0.63
242.39,0.63
242.56,0.62
242.56,0.61
242.63,0.6
242.77,0.59
242.77,0.58
242.82,0.57
242.89,0.56
243.06,0.54
243.06,0.53
243.13,0.52
243.18,0.5
243.29,0.48
243.29,0.47
243.35,0.45
243.41,0.44
243.41,0.43
243.44,0.42
243.56,0.39
243.56,0.37
243.64,0.36
243.79,0.35
243.79,0.34
243.86,0.33
243.94,0.33
244.03,0.32
244.12,0.32
244.3,0.31
244.3,0.31
244.39,0.31
244.58,0.32
244.58,0.32
244.67,0.33
244.77,0.34
244.88,0.35
245.1,0.37
245.1,0.38
245.2,0.4
245.32,0.41
245.44,0.43
245.56,0.45
245.68,0.46
245.8,0.48
245.93,0.5
245.93,0.52
246.06,0.53
246.18,0.55
246.33,0.57
246.57,0.6
246.57,0.61
246.66,0.62
246.77,0.63
246.89,0.64
247.11,0.65
247.11,0.65
247.33,0.65
247.33,0.65
247.59,0.64
247.59,0.63
247.7,0.62
247.83,0.6
248.1,0.57
248.1,0.55
248.28,0.53
248.41,0.51
248.54,0.49
248.88,0.44
248.88,0.42
249.03,0.4
249.18,0.39
249.33,0.37
249.65,0.34
249.65,0.33
249.84,0.32
250.03,0.3
250.19,0.3
250.36,0.3
250.53,0.3
250.89,0.3
250.89,0.3
251.08,0.3
251.3,0.3
251.57,0.3
251.57,0.3
251.7,0.3
251.81,0.3
251.92,0.3
252.02,0.3
252.13,0.3
252.19,0.3
252.29,0.3
252.29,0.3
252.39,0.3
252.57,0.3
252.57,0.3
252.64,0.3
252.79,0.3
252.79,0.3
252.88,0.3
253.06,0.3
253.06,0.3
253.16,0.3
253.27,0.3
253.36,0.3
253.56,0.3
253.56,0.3
253.65,0.3
253.76,0.3
253.87,0.3
254.09,0.3
254.09,0.3
254.39,0.3
254.39,0.3
254.54,0.3
254.69,0.3
254.84,0.3
255.14,0.3
255.14,0.3
255.29,0.3
255.45,0.3
255.59,0.3
255.88,0.3
255.88,0.3
256.01,0.3
256.14,0.3
256.27,0.3
256.38,0.3
256.51,0.3
256.67,0.3
256.8,0.3
256.8,0.3
256.89,0.3
257.08,0.3
257.08,0.3
257.16,0.3
257.33,0.3
257.33,0.3
257.41,0.3
257.51,0.3
257.62,0.3
257.62,0.3
257.69,0.3
257.79,0.3
257.91,0.3
258.01,0.3
258.12,0.3
258.36,0.3
258.36,0.3
258.61,0.3
258.85,0.3
258.85,0.3
259.09,0.3
259.09,0.3
259.2,0.3
259.3,0.3
259.41,0.3
259.64,0.3
259.64,0.3
259.76,0.3
259.87,0.3
260.09,0.33
260.09,0.35
260.34,0.38
260.34,0.4
260.44,0.42
260.55,0.44
260.64,0.46
260.82,0.5
260.82,0.51
260.93,0.53
261.03,0.54
261.14,0.56
261.38,0.58
261.38,0.59
261.57,0.6
261.57,0.61
261.65,0.62
261.82,0.63
261.82,0.63
261.9,0.63
262.06,0.63
262.06,0.63
262.15,0.62
262.33,0.61
262.33,0.6
262.44,0.59
262.59,0.58
262.59,0.57
262.69,0.55
262.79,0.54
262.91,0.53
263.01,0.51
263.12,0.5
263.36,0.47
263.36,0.45
263.61,0.42
263.61,0.41
263.84,0.39
263.84,0.38
263.94,0.37
264.05,0.36
264.16,0.36
264.16,0.35
264.28,0.35
264.38,0.34
264.62,0.35
264.62,0.35
264.88,0.37
265.08,0.38
265.08,0.39
265.18,0.4
265.26,0.41
265.36,0.42
265.36,0.43
265.44,0.45
265.54,0.46
265.64,0.47
265.82,0.49
265.82,0.5
265.89,0.51
266.06,0.52
266.06,0.54
266.14,0.55
266.33,0.57
266.33,0.58
266.42,0.59
266.6,0.61
266.6,0.62
266.7,0.62
266.79,0.63
266.88,0.63
267.11,0.64
267.11,0.64
267.32,0.64
267.32,0.64
267.44,0.63
267.56,0.63
267.7,0.62
267.83,0.61
267.95,0.6
268.08,0.59
268.2,0.57
268.3,0.56
268.3,0.54
268.43,0.52
268.54,0.5
268.65,0.48
268.84,0.44
268.84,0.42
268.94,0.4
269.06,0.38
269.18,0.36
269.31,0.35
269.45,0.33
269.58,0.32
269.83,0.3
269.83,0.3
269.94,0.3
270.06,0.3
270.18,0.3
270.29,0.3
270.39,0.3
270.54,0.3
270.54,0.3
270.65,0.3
270.77,0.3
270.87,0.3
271.08,0.3
271.08,0.3
271.19,0.3
271.29,0.3
271.4,0.3
271.52,0.3
271.52,0.3
271.64,0.3
271.76,0.3
271.87,0.3
272.13,0.3
272.13,0.3
272.28,0.3
272.43,0.3
272.55,0.3
272.84,0.3
272.84,0.3
273.12,0.3
273.12,0.3
273.27,0.3
273.38,0.3
273.38,0.3
273.63,0.3
273.63,0.3
273.85,0.3
273.85,0.3
274.01,0.3
274.15,0.3
274.28,0.31
274.43,0.31
274.56,0.32
274.67,0.32
274.67,0.33
274.79,0.33
274.92,0.34
275.05,0.34
275.16,0.34
275.27,0.34
275.36,0.35
275.62,0.35
275.62,0.35
275.9,0.35
275.9,0.35
276.04,0.34
276.17,0.34
276.33,0.34
276.64,0.34
276.64,0.34
276.77,0.34
276.91,0.34
277.07,0.34
277.18,0.34
277.31,0.34
277.58,0.33
277.58,0.33
277.69,0.33
277.79,0.33
277.88,0.33
278.11,0.33
278.11,0.33
278.33,0.33
278.33,0.33
278.44,0.33
278.55,0.33
278.64,0.33
278.84,0.33
278.84,0.33
278.95,0.34
279.06,0.34
279.16,0.34
279.27,0.35
279.37,0.35
279.59,0.35
279.59,0.35
279.7,0.36
279.82,0.36
279.95,0.36
280.08,0.36
280.35,0.36
280.35,0.36
280.6,0.37
280.6,0.37
280.86,0.36
280.86,0.36
281.15,0.37
281.15,0.37
281.27,0.36
281.42,0.36
281.55,0.36
281.66,0.36
281.78,0.36
281.78,0.35
281.92,0.35
282.03,0.35
282.16,0.35
282.26,0.35
282.37,0.35
282.58,0.35
282.58,0.35
282.68,0.36
282.77,0.36
282.86,0.37
283.06,0.37
283.06,0.38
283.14,0.38
283.35,0.38
283.35,0.39
283.57,0.39
283.57,0.39
283.67,0.39
283.8,0.39
283.93,0.39
283.93,0.39
284.04,0.39
284.16,0.39
284.28,0.39
284.4,0.39
284.53,0.39
284.66,0.38
284.78,0.38
284.9,0.37
285.04,0.37
285.17,0.37
285.3,0.36
285.3,0.36
285.42,0.35
285.55,0.35
285.66,0.35
285.77,0.34
285.89,0.34
286.01,0.34
286.13,0.34
286.26,0.33
286.38,0.33
286.6,0.33
286.6,0.33
286.81,0.33
286.81,0.33
286.95,0.34
287.07,0.34
287.17,0.34
287.3,0.34
287.42,0.35
287.53,0.35
287.65,0.36
287.78,0.36
287.78,0.37
287.87,0.38
288.06,0.38
288.06,0.38
288.17,0.39
288.32,0.39
288.32,0.4
288.63,0.4
288.63,0.4
288.9,0.41
288.9,0.41
289.03,0.42
289.16,0.42
289.3,0.42
289.43,0.41
289.55,0.41
289.68,0.41
289.68,0.41
289.8,0.41
289.91,0.41
290.04,0.41
290.18,0.41
290.32,0.41
290.43,0.41
290.57,0.41
290.84,0.41
290.84,0.41
291.1,0.41
291.1,0.41
291.35,0.41
291.35,0.42
291.65,0.43
291.65,0.43
291.82,0.44
292.13,0.45
292.13,0.45
292.3,0.46
292.43,0.47
292.53,0.47
292.62,0.48
292.8,0.48
293.02,0.48
293.02,0.49
293.4,0.49
293.4,0.49
293.56,0.49
293.84,0.5
293.84,0.5
294.16,0.51
294.16,0.51
294.31,0.52
294.65,0.52
294.65,0.52
294.79,0.52
295.14,0.52
295.14,0.52
295.3,0.52
295.6,0.52
295.6,0.51
295.9,0.5
295.9,0.5
296.04,0.49
296.18,0.48
296.32,0.47
296.45,0.46
296.59,0.44
296.89,0.41
296.89,0.4
297.03,0.39
297.2,0.39
297.37,0.39
297.57,0.4
297.57,0.41
297.84,0.43
297.84,0.45
298.14,0.49
298.14,0.51
298.32,0.53
298.65,0.57
298.65,0.58
298.82,0.6
299.03,0.61
299.36,0.63
299.36,0.63
299.53,0.64
299.7,0.64
299.88,0.63
300.05,0.63
300.43,0.61
300.43,0.61
300.61,0.6
300.78,0.59
301.14,0.58
301.14,0.57
301.3,0.56
301.68,0.53
301.68,0.52
301.85,0.5
302.02,0.48
302.38,0.44
302.54,0.42
302.54,0.4
302.68,0.39
302.83,0.37
303.01,0.36
303.18,0.35
303.38,0.34
303.6,0.33
303.81,0.32
304.07,0.31
304.3,0.31
304.3,0.3
304.52,0.3
304.93,0.3
304.93,0.3
305.1,0.3
305.1,0.3
305.31,0.3
305.52,0.3
305.7,0.3
305.86,0.3
306.03,0.3
306.16,0.3
306.3,0.3
306.44,0.3
306.57,0.3
306.57,0.3
306.85,0.3
306.85,0.3
307.12,0.3
307.12,0.3
307.37,0.3
307.37,0.3
307.58,0.3
307.58,0.3
307.86,0.32
307.86,0.34
308.02,0.35
308.14,0.37
308.26,0.39
308.36,0.41
308.57,0.45
308.57,0.46
308.67,0.48
308.83,0.51
308.83,0.52
308.89,0.53
309.01,0.55
309.01,0.56
309.06,0.57
309.15,0.58
309.3,0.6
309.3,0.63
309.37,0.66
309.53,0.69
309.53,0.72
309.6,0.75
309.68,0.78
309.81,0.84
309.81,0.87
309.88,0.9
309.95,0.92
310.04,0.95
310.09,0.97
310.09,1.0
310.17,1.02
310.28,1.04
310.35,1.05
310.44,1.07
310.52,1.09
310.61,1.1
310.81,1.13
310.81,1.14
310.9,1.15
311.11,1.15
311.11,1.15
311.2,1.15
311.28,1.14
311.36,1.14
311.43,1.13
311.51,1.12
311.57,1.11
311.65,1.1
311.78,1.07
312.12,1.01
312.12,0.98
312.26,0.95
312.36,0.93
312.6,0.9
312.6,0.89
312.84,0.87
312.84,0.87
312.95,0.87
313.06,0.87
313.19,0.86
313.31,0.87
313.37,0.87
313.44,0.87
313.51,0.87
313.56,0.87
313.62,0.87
313.68,0.86
313.68,0.86
313.7,0.86
313.77,0.86
313.85,0.86
313.91,0.86
314.06,0.86
314.06,0.86
314.1,0.86
314.19,0.86
314.26,0.86
314.32,0.86
314.41,0.86
314.54,0.86
314.54,0.86
314.6,0.86
314.67,0.86
314.82,0.87
314.82,0.87
314.9,0.87
315.08,0.88
315.08,0.88
315.17,0.88
315.34,0.89
315.44,0.89
315.44,0.9
315.53,0.9
315.64,0.9
315.85,0.91
315.95,0.91
315.95,0.91
316.05,0.91
316.15,0.91
316.36,0.91
316.36,0.91
316.61,0.91
316.61,0.9
316.85,0.89
316.85,0.88
317.1,0.87
317.1,0.86
317.36,0.85
317.36,0.84
317.61,0.83
317.61,0.82
317.89,0.8
317.89,0.8
318.03,0.79
318.16,0.78
318.3,0.78
318.43,0.77
318.56,0.77
318.84,0.77
318.84,0.77
319.14,0.78
319.14,0.78
319.3,0.79
319.64,0.79
319.83,0.8
319.83,0.8
320.03,0.8
320.37,0.81
320.37,0.81
320.53,0.81
320.67,0.82
320.67,0.82
320.83,0.82
321.15,0.82
321.15,0.83
321.32,0.83
321.63,0.83
321.63,0.84
321.8,0.84
321.93,0.84
322.09,0.84
322.39,0.84
322.39,0.84
322.53,0.84
322.66,0.84
322.8,0.84
322.95,0.84
323.1,0.85
323.1,0.85
323.41,0.85
323.41,0.86
323.58,0.86
323.77,0.87
323.95,0.87
323.95,0.88
324.12,0.88
324.28,0.88
324.44,0.89
324.62,0.89
324.78,0.9
324.95,0.9
325.13,0.91
325.3,0.91
325.65,0.92
325.65,0.93
325.82,0.93
326.01,0.94
326.18,0.94
326.36,0.95
326.51,0.95
326.65,0.95
326.65,0.95
326.83,0.96
327.16,0.96
327.16,0.96
327.32,0.96
327.69,0.96
327.69,0.96
327.86,0.96
328.04,0.96
328.41,0.96
328.41,0.96
328.58,0.95
328.78,0.96
329.4,0.96
329.4,0.96
329.56,0.96
329.76,0.96
329.94,0.96
330.09,0.97
330.28,0.97
330.66,0.97
330.66,0.97
330.83,0.97
331.14,0.97
331.14,0.97
331.31,0.97
331.66,0.97
331.81,0.97
331.81,0.97
332.14,0.97
332.14,0.97
332.33,0.97
332.51,0.97
332.69,0.97
332.69,0.97
332.89,0.97
333.06,0.97
333.19,0.97
333.36,0.96
333.51,0.96
333.63,0.96
333.77,0.96
333.92,0.96
334.07,0.96
334.3,0.97
334.3,0.97
334.39,0.97
334.45,0.97
334.57,0.98
334.57,0.98
334.66,0.98
334.83,0.98
334.83,0.98
334.92,0.98
335.07,0.98
335.07,0.98
335.15,0.98
335.28,0.98
335.28,0.98
335.34,0.98
335.38,0.98
335.45,0.98
335.51,0.98
335.57,0.98
335.64,0.98
335.64,0.98
335.69,0.98
335.76,0.98
335.84,0.98
335.92,0.97
336.08,0.98
336.08,0.98
336.16,0.98
336.33,0.98
336.33,0.98
336.42,0.98
336.58,0.98
336.58,0.98
336.66,0.98
336.66,0.98
336.82,0.97
336.82,0.97
336.92,0.97
337.02,0.97
337.11,0.97
337.11,0.97
337.19,0.97
337.28,0.97
337.35,0.98
337.42,0.98
337.51,0.98
337.6,0.99
337.66,0.99
337.8,1.0
337.8,1.0
337.86,1.01
337.93,1.01
338.06,1.01
338.06,1.02
338.14,1.02
338.2,1.02
338.27,1.02
338.32,1.02
338.38,1.02
338.59,1.02
338.59,1.02
338.65,1.02
338.77,1.03
338.77,1.03
338.82,1.03
338.86,1.03
338.91,1.03
339.04,1.03
339.04,1.03
339.09,1.03
339.17,1.03
339.28,1.03
339.28,1.03
339.34,1.03
339.41,1.03
339.56,1.03
339.56,1.03
339.64,1.03
339.79,1.03
339.79,1.03
339.87,1.03
339.95,1.03
339.95,1.03
340.03,1.03
340.09,1.02
340.15,1.02
340.28,1.02
340.28,1.02
340.31,1.02
340.37,1.01
340.42,1.01
340.61,1.0
340.61,1.0
340.87,1.0
340.87,0.99
341.09,0.99
341.09,0.99
341.19,0.99
341.31,0.99
341.43,0.99
341.55,1.0
341.66,1.0
341.66,1.01
341.78,1.01
341.91,1.01
342.03,1.02
342.15,1.02
342.28,1.03
342.39,1.03
342.52,1.04
342.64,1.04
342.85,1.05
342.85,1.05
342.94,1.05
343.02,1.05
343.11,1.05
343.19,1.06
343.19,1.06
343.26,1.06
343.35,1.06
343.43,1.06
343.53,1.06
343.62,1.06
343.79,1.07
343.79,1.07
343.9,1.07
344.13,1.07
344.13,1.08
344.34,1.08
344.34,1.08
344.61,1.08
344.61,1.08
344.91,1.08
344.91,1.08
345.06,1.08
345.2,1.08
345.34,1.07
345.57,1.07
345.57,1.07
345.68,1.07
345.77,1.07
345.92,1.07
346.06,1.07
346.06,1.07
346.18,1.07
346.3,1.07
346.43,1.08
346.54,1.08
346.66,1.08
346.78,1.08
346.88,1.07
347.12,1.07
347.12,1.06
347.33,1.06
347.33,1.06
347.45,1.06
347.57,1.06
347.69,1.06
347.82,1.06
348.1,1.06
348.1,1.06
348.33,1.05
348.33,1.05
348.44,1.04
348.56,1.03
348.7,1.01
348.83,1.0
349.12,0.96
349.12,0.94
349.26,0.91
349.43,0.89
349.58,0.87
349.89,0.82
349.89,0.79
350.06,0.77
350.37,0.73
350.37,0.71
350.52,0.7
350.65,0.69
350.78,0.68
350.95,0.67
351.1,0.66
351.34,0.65
351.34,0.64
351.59,0.63
351.59,0.63
351.86,0.63
351.86,0.62
352.01,0.62
352.15,0.62
352.3,0.61
352.3,0.61
352.42,0.61
352.54,0.6
352.66,0.61
352.81,0.61
352.91,0.61
353.02,0.61
353.18,0.61
353.33,0.62
353.61,0.62
353.61,0.62
353.76,0.63
353.91,0.64
354.07,0.64
354.39,0.67
354.39,0.69
354.55,0.72
354.85,0.77
354.85,0.79
355.13,0.82
355.13,0.83
355.26,0.84
355.39,0.85
355.63,0.86
355.63,0.87
355.77,0.87
355.89,0.87
356.03,0.87
356.14,0.87
356.27,0.87
356.4,0.87
356.61,0.87
356.61,0.87
356.82,0.87
356.82,0.87
356.92,0.87
357.1,0.86
357.1,0.86
357.19,0.86
357.19,0.86
357.29,0.86
357.38,0.85
357.6,0.85
357.6,0.85
357.7,0.84
357.81,0.84
357.93,0.84
358.02,0.84
358.12,0.84
358.32,0.83
358.32,0.83
358.42,0.83
358.6,0.83
358.6,0.83
358.68,0.83
358.76,0.82
358.84,0.82
358.93,0.82
359.08,0.82
359.08,0.82
359.15,0.82
359.31,0.82
359.31,0.82
359.38,0.81
359.57,0.81
359.57,0.81
359.65,0.81
359.8,0.81
359.8,0.81
359.87,0.81
359.93,0.81
